id_gab,latitude,longtitude,region,montant_total
103,33.008579,-2.0823457,region_1,2037600
106,29.632658000000003,-9.981029,region_3,482900
97,32.655957,-7.0676921,region_6,653400
22,28.632658000000003,-9.981029,region_3,5413400
75,33.008578,-2.8056810000000003,region_1,2192100
6,33.858928000000006,-6.872374000000001,region_5,4325100
4,28.632658000000003,-9.281029,region_3,4833600
3,32.175527,-7.7582770000000005,region_2,2557800
7,31.655957,-7.9676921,region_6,4372100
11,33.008578,-2.0956810000000003,region_1,6288200
2,33.008578,-2.895681,region_1,7464600
5,33.486351,-7.662244,region_4,3111500
